29.06813 43.0561533333333 23741.0201388889 13.9948348711307
28.6936716666667 42.973325 23745.9236111111 14.189914681217
28.6887333333333 42.9734083333333 23746.0111111111 14.0448422604121
28.9607466666667 43.187505 23750.9493055556 14.0706219917327
28.96985 43.1880283333333 23751.0263888889 14.0566116958705
28.9252483333333 43.1583616666667 23755.9444444444 14.1930312345457
28.917245 43.15381 23756.0375 14.1481227125832
28.5320216666667 42.7011433333333 23760.9340277778 14.0380642741388
28.5337916666667 42.6959183333333 23761.0097222222 14.0110745539853
28.6038066666667 42.1418916666667 23765.9569444444 14.0627567966211
28.6048966666667 42.136685 23766.04375 14.0502636932744
28.60556 41.965495 23771.9715277778 14.0795088537819
28.8295766666667 42.5147283333333 24107.9416666667 14.1041296727917
28.83312 42.50792 24108.0166666667 14.1112314181587
28.9728766666667 42.0270533333333 24112.9444444444 14.1630979588529
28.9724933333333 42.0239866666667 24113.0208333333 14.1641331692528
28.9458333333333 41.761725 24117.9194444444 14.0410633022487
28.9444683333333 41.7645183333333 24117.9881944444 14.0368060280376
29.554595 41.6278783333333 24122.9458333333 14.0419541089798
29.56271 41.6226483333333 24123.0395833333 14.0380210345659
30.0508566666667 41.6865683333333 24127.9416666667 14.2235498350421
30.0534533333333 41.6823516666667 24128.0159722222 14.2205585519247
30.531345 41.60582 24132.9451388889 14.1413933023405
30.542295 41.606855 24133.0361111111 14.1446860000399
37.2035066666667 41.95056 24475.9430555556 13.9873320313118
37.20906 41.95159 24476.0180555556 13.9894337201055
37.387815 41.8653516666667 24480.9493055556 14.1081583783971
37.3919216666667 41.8676916666667 24481.0270833333 14.0978019456843
37.6540816666667 41.8359516666667 24486.9486111111 14.2331994391843
37.6565166666667 41.8312433333333 24487.0243055556 14.2330870738662
37.829615 41.8133733333333 24491.9444444444 14.1346713611432
37.831065 41.8124833333333 24492.0180555556 14.1343587490348
37.9379133333333 41.8400383333333 24496.9451388889 14.2191112097647
37.938895 41.8364016666667 24497.0368055556 14.2183740812513
37.9234366666667 41.735485 24501.9416666667 14.4210030681388
37.9281866666667 41.7315833333333 24502.0236111111 14.4222671019504
31.1558583333333 43.4575066666667 24107.4020833333 14.0705099653801
30.9181233333333 43.4473716666667 24112.4055555556 14.1269596661023
30.692995 43.4069916666667 24117.4027777778 14.1282240700995
30.5505833333333 43.3540483333333 24122.4027777778 14.1513473357168
30.5093783333333 43.3651883333333 24127.4020833333 14.2434687940197
30.263335 43.3977216666667 24132.4006944444 14.3661017203773
34.9609016666667 42.6032416666667 24473.4041666667 13.8857348300299
35.0902816666667 42.615675 24478.4069444444 13.9676719015223
35.331135 42.659215 24483.4048611111 14.131827866046
35.3752733333333 42.7387666666667 24488.4055555556 14.1834044266988
35.4717366666667 42.6694316666667 24493.4069444444 14.2959773280525
35.640615 42.5593016666667 24498.4006944444 14.3150815304333
28.659855 42.3442166666667 23376.4152777778 13.9525017860344
28.6902766666667 42.2892366666667 23377.40625 14.0034660943269
28.727005 42.2373633333333 23378.3819444444 14.0048498606124
28.7886783333333 42.1736633333333 23379.4048611111 13.9253701830369
28.8346383333333 42.1110216666667 23380.4020833333 14.0232276192764
28.9079733333333 42.0778166666667 23381.4041666667 14.0161063144971
28.97272 42.04599 23382.40625 14.0225566156994
29.0299816666667 42.00395 23383.4027777778 14.0169054155334
29.123745 41.9632566666667 23384.4013888889 14.0009221281176
29.2013816666667 41.918575 23385.4034722222 14.0299690052054
29.2865733333333 41.9008533333333 23386.4020833333 14.0087625615879
29.37358 41.8606016666667 23387.4083333333 14.0018826820906
29.4330866666667 41.85544 23388.4034722222 14.0153504479981
29.5147183333333 41.8474466666667 23389.4020833333 14.0098477391657
29.5533166666667 41.83102 23390.4020833333 14.0128645639981
29.617455 41.8511583333333 23391.4048611111 14.0066683427427
29.7538066666667 41.8480416666667 23396.4020833333 13.9812848340495
29.8341533333333 41.8840166666667 23401.4020833333 14.0097882565069
29.9263583333333 41.8780466666667 23406.4048611111 14.1307144307402
32.3438783333333 42.5011733333333 23746.4020833333 14.3218089944315
32.39849 42.5035783333333 23766.4041666667 14.177365166703
34.76813 42.9162083333333 24106.4055555556 13.975789803751
34.7987016666667 43.039035 24116.4034722222 14.1740059318004
34.8064633333333 43.1406283333333 24126.4048611111 14.2870892641703
34.7906866666667 43.2263466666667 24136.4055555556 14.390635054998
36.5851616666667 43.5386616666667 24477.4034722222 14.5096486973235
36.5982783333333 43.4521866666667 24487.4041666667 14.5980951378502
36.5354183333333 43.37191 24497.4055555556 14.6728571857702
29.5674813163186 41.4382384541919 23376.3840277778 13.9404078585079
29.6052639817848 41.4280369233498 23377.4243055556 13.894283319632
29.6411297696972 41.4183529601607 23378.4118055556 13.9425600688884
29.6775252211443 41.408525984857 23379.4138888889 13.8865525573991
29.7050331280623 41.4136467379075 23380.4138888889 13.93243297118
29.7320248611705 41.4196418879975 23381.4138888889 13.8820189594046
29.7590165942787 41.4256370380876 23382.4138888889 13.887456783811
29.7860458159051 41.431640514775 23383.4152777778 13.9210182506057
29.8129438277177 41.4376148483717 23384.4118055556 13.8984770996556
29.8843190024684 41.4366475073726 23385.4152777778 14.0342854785048
29.9600973628584 41.4349360700633 23386.4138888889 13.9083428131834
30.0359284203003 41.4332234426029 23387.4131944444 13.9355622101283
30.0603619841974 41.4418043187169 23388.38125 13.9478970352549
30.0833860501958 41.4519950078296 23389.4423611111 13.9495748214543
30.1046471477899 41.4614053889408 23390.4222222222 13.8852722803305
30.1262096075043 41.4709491560352 23391.4159722222 13.9381281167765
30.1481337017633 41.4806529863094 23392.4263888889 13.9263115228124
30.1689578242827 41.489869957745 23393.3861111111 13.9076085384739
30.2117383333333 41.5063216666667 23394.4125 13.923120978508
30.2712916666667 41.516505 23395.4166666667 13.9769884406496
30.3206716666667 41.5322183333333 23396.4131944444 13.8273507075243
30.3864044550818 41.5348555119737 23397.4131944444 13.845236116121
30.4559119882244 41.5376441321763 23398.4236111111 13.8221191738904
30.5241774623558 41.540382921365 23399.4159722222 13.9049628904061
30.5930161944926 41.5431447094832 23400.4166666667 13.9214817352113
30.6614249831253 41.5458892484043 23401.4111111111 13.8859265082253
30.7302637152618 41.5486510365225 23402.4118055556 13.8805218510638
30.7991979903993 41.5514166577956 23403.4138888889 14.0043658452694
28.6085083333333 41.9679616666667 23772.0652777778 14.0800682219572
28.9121983333333 41.6593733333333 23777.94375 14.0707262920066
28.9191133333333 41.6551683333333 23778.01875 14.0703813642382
29.8438 41.4506433333333 23782.9423611111 14.1963321651085
29.8626116666667 41.4490716666667 23783.0166666667 14.194993366124
30.6279983333333 41.52539 23787.9493055556 14.2358826970921
30.6356883333333 41.5269 23788.0458333333 14.2428094571281
31.0620316666667 41.4363316666667 23793.9486111111 14.032997221785
31.0611933333333 41.4383016666667 23794.0291666667 13.7782011616018
31.2456633333333 41.8273766666667 23799.94375 14.3994294052823
31.0354516666667 41.7471283333333 24137.9423611111 14.2081143513232
31.0376666666667 41.7484766666667 24138.0145833333 14.2405917082581
31.4543316666667 42.14819 24142.9423611111 14.2553978455732
31.457015 42.150545 24143.0340277778 14.2229576678286
31.7029216666667 42.2230416666667 24147.9423611111 14.0779050577123
31.69959 42.2276716666667 24148.0138888889 14.0760001203545
31.69766 42.1837616666667 24152.95 14.3690126957474
31.70006 42.1850166666667 24153.0263888889 14.3465058469585
31.5880883333333 42.34746 24158.9451388889 14.3170751679601
31.589685 42.348825 24159.0375 14.3218494880319
31.9517983333333 42.3076366666667 24163.9444444444 14.3030069145613
31.9568066666667 42.308985 24164.0166666667 14.298944821497
38.1691483333333 41.5660816666667 24506.9430555556 14.3997665144026
38.17664 41.56207 24507.0388888889 14.4001630026765
38.533385 41.4234983333333 24511.9423611111 14.3075869949088
38.548725 41.4194283333333 24512.0166666667 14.3195452919695
39.0541866666667 41.4480716666667 24516.9444444444 14.4009469091972
39.06308 41.44996 24517.0381944444 14.4018229306714
39.327275 41.6690866666667 24521.9444444444 14.4335597457886
39.3280683333333 41.6696383333333 24522.0208333333 14.4422725508095
39.2447 41.9985366666667 24526.9430555556 14.441413175953
39.24665 42.0005033333333 24527.0354166667 14.4387799261476
29.9364783333333 43.3783883333333 24137.4041666667 14.2108830055232
29.543985 43.2662766666667 24142.4034722222 14.3507406165805
28.9701533333333 43.03587 24147.4027777778 14.2766389979682
28.6662966666667 42.6368116666667 24152.4020833333 14.1220119940666
28.74123 42.2270066666667 24157.4027777778 14.233217827259
29.0666216666667 41.9581366666667 24162.4041666667 14.310979700478
35.8410816666667 42.4335766666667 24503.4055555556 14.3797493811003
36.1783916666667 42.3093766666667 24508.4034722222 14.3729721254684
36.5004133333333 42.287145 24513.4041666667 14.3668924550866
36.857155 42.23388 24518.4048611111 14.5060140112898
37.12357 42.1910716666667 24523.4055555556 14.4270677694467
37.437455 42.21931 24528.4013888889 14.4620544326738
30.0205766666667 41.9061966666667 23411.4027777778 14.1529850206691
30.1353483333333 41.9096883333333 23416.4 14.1668732012996
30.2510466666667 41.9145083333333 23421.4076388889 14.18096307735
30.5103683333333 41.967695 23431.4034722222 14.098638422748
32.4316316666667 42.4878633333333 23776.4041666667 14.2850960941746
32.5075766666667 42.5064733333333 23786.4055555556 14.3150868108459
32.638275 42.5356533333333 23796.4069444444 14.2919681403041
34.686085 43.2473716666667 24146.4027777778 14.389085020478
34.69559 43.2091433333333 24156.4027777778 14.4195144213048
36.3964083333333 43.2721333333333 24507.4034722222 14.5650061242077
36.3104766666667 43.2041433333333 24517.4034722222 14.7012853498703
36.3471433333333 43.1662666666667 24527.4034722222 14.694032239889
31.1431527935802 41.5652160154994 23408.4138888889 14.0850406103832
31.4872509112625 41.5790211229355 23413.4159722222 13.8757421392892
31.669805 41.6475133333333 23418.4173611111 13.3472986117997
31.8316266666667 41.7098266666667 23423.4131944444 13.8933381235172
32.1243257661855 41.7750505790855 23428.4145833333 13.2447975843079
32.3862781110752 41.8259050343572 23433.4159722222 13.8829605335058
31.2450983333333 41.8292683333333 23800.0375 14.4807902563916
31.6778933333333 41.8427566666667 23804.9451388889 14.2711233458581
31.69361 41.8487666666667 23805.0180555556 14.210605911882
32.3609183333333 42.1515783333333 23809.9416666667 14.2665779273783
32.3746883333333 42.1596 23810.03125 14.1926340437794
32.77804 42.4228966666667 23814.9479166667 14.3469215724871
32.7879933333333 42.4271233333333 23815.0208333333 14.3893310797417
33.18136 42.589825 23819.9430555556 14.3741272284232
33.1930333333333 42.59214 23820.0395833333 14.3506431982275
33.5098716666667 42.709795 23824.9430555556 14.3110229072901
33.5137716666667 42.7105533333333 23825.0173611111 14.3796460784558
33.736475 42.8032816666667 23829.9416666667 14.4437100336968
33.7402916666667 42.8068166666667 23830.0361111111 14.4277402199791
31.7791266666667 42.306585 24168.9486111111 14.2736690609698
31.779 42.3038033333333 24169.0402777778 14.334885174659
32.1248783333333 42.1748033333333 24173.9416666667 14.280914240485
32.131635 42.1743133333333 24174.0173611111 14.2812866240422
32.8577066666667 42.408745 24178.94375 14.2439527086452
32.859375 42.4128133333333 24179.0354166667 14.2203598314029
32.9843166666667 42.5190166666667 24183.9444444444 14.2494734883481
32.9929433333333 42.5223516666667 24184.0208333333 14.2465339442343
32.91397 42.5733233333333 24188.9444444444 14.4200938062647
32.9156616666667 42.5723016666667 24189.0201388889 14.1985989592566
33.1974783333333 42.78936 24193.94375 14.1914833250923
33.2000416666667 42.7910166666667 24194.0347222222 14.2121732479737
39.2509266666667 42.0070716666667 24531.9444444444 14.4511106145408
39.2520766666667 42.0073766666667 24532.0194444444 14.4512823729789
39.1596683333333 41.9878016666667 24536.94375 14.4066747087841
39.1561066666667 41.9884133333333 24537.0333333333 14.4729874867888
39.162365 41.9613666666667 24541.9423611111 14.4410317855835
39.1642666666667 41.9623366666667 24542.0180555556 14.4347660234703
39.311365 41.978215 24546.9430555556 14.3202066308831
39.3107166666667 41.981615 24547.0326388889 14.321645126555
39.443725 42.0043866666667 24551.94375 14.3446302728795
39.4437616666667 42.0070183333333 24552.0152777778 14.3555530705394
39.5376466666667 42.0549716666667 24556.9444444444 14.4221622995266
39.5405933333333 42.0542616666667 24557.0354166667 14.4487580193668
39.593415 42.097775 24561.9423611111 14.3585988513724
29.40816 41.9388566666667 24167.4027777778 14.2689582495399
29.67296 41.9335133333333 24172.4020833333 14.3499682395925
29.7357333333333 41.9221316666667 24177.4027777778 14.3534469714302
29.7304566666667 41.9806783333333 24182.4027777778 14.253362193042
29.4642066666667 41.872605 24187.4041666667 14.255257614822
29.8210383333333 41.6711116666667 24192.4027777778 14.2386366410909
37.6839833333333 42.196975 24533.4027777778 14.4314350328824
37.8307716666667 42.2170333333333 24538.4034722222 14.6527384912129
37.830525 42.27527 24543.4034722222 14.6078358441081
37.8092833333333 42.2414883333333 24548.4034722222 14.3880559999124
37.8974733333333 42.1662983333333 24553.4027777778 14.4274290261562
38.01588 42.161905 24558.4041666667 14.4140910052845
30.6551733333333 42.01902 23436.4013888889 14.1699367882555
30.852735 42.06039 23441.4034722222 14.2189725946289
31.0904 42.0309066666667 23446.4027777778 14.1623117072487
31.3409133333333 41.9507316666667 23451.4034722222 14.0920010016524
31.5789 41.9643683333333 23456.4034722222 14.2543586313562
31.83689 42.0012483333333 23461.4034722222 12.9933328934144
32.7518666666667 42.5399716666667 23806.4055555556 14.3727073243347
32.7589733333333 42.5871766666667 23816.4048611111 14.0905898906313
32.710185 42.6298533333333 23826.4048611111 14.54522895128
34.7727433333333 43.176975 24166.4034722222 14.3415585717649
34.8502433333333 43.1514333333333 24176.4048611111 14.5034918377527
34.921865 43.13152 24186.4069444444 14.2375037669092
35.0173816666667 43.1591383333333 24196.4041666667 14.8084954419497
36.4813683333333 43.1551583333333 24537.4020833333 14.7998815117217
36.5986 43.24205 24547.4048611111 14.4269245155557
36.6621183333333 43.3430533333333 24557.4069444444 14.751655894987
32.6480485951314 41.8767241838421 23438.4138888889 13.8877979652314
32.9098918235212 41.9275574556418 23443.4131944444 13.8682466577435
33.1718805405778 41.9784189720708 23448.4152777778 13.9153129323771
33.4357242381383 42.029640607525 23453.4527777778 13.9623365235963
33.6959307190245 42.0801561272437 23458.4208333333 14.1640478143353
33.9555552452429 42.1305586684447 23463.3777777778 13.8784643375099
33.9473583333333 42.8889333333333 23834.95 14.460173430541
33.950145 42.8897233333333 23835.0222222222 14.4428599278181
34.1362333333333 42.9778433333333 23839.9444444444 14.3242085469453
34.1315466666667 42.97649 23840.0354166667 14.3237225256565
34.2584283333333 43.0688166666667 23844.94375 14.2971445270274
34.2580666666667 43.069295 23845.0208333333 14.2985823794409
34.41011 43.115145 23849.95 14.3107761421622
34.4151266666667 43.1156683333333 23850.0465277778 14.303908345733
34.5612966666667 43.1057983333333 23855.9423611111 14.3534850632565
34.5613433333333 43.10549 23856.0152777778 14.3247183960557
34.6350583333333 43.0789283333333 23860.9444444444 14.3295628601741
33.1565516666667 42.70872 24198.9444444444 14.2768715223592
33.1612 42.70849 24199.0145833333 14.2862435551828
33.1477516666667 42.8093166666667 24203.94375 14.2718719838277
33.1459533333333 42.8103783333333 24204.0333333333 14.2735803748294
33.0540616666667 42.919585 24208.9479166667 14.2660302652988
33.05265 42.9203616666667 24209.0208333333 14.2400249001116
32.8825833333333 42.9919883333333 24213.9451388889 14.2793672027352
32.8812716666667 42.99039 24214.01875 14.3118802111197
32.880485 42.9413816666667 24218.9451388889 14.3121246624822
32.8817383333333 42.9384933333333 24219.01875 14.3689598674056
32.6973766666667 42.9478566666667 24223.9430555556 14.3479371755668
32.6950716666667 42.9413033333333 24224.0201388889 14.3681750631069
39.5965366666667 42.0992933333333 24562.0236111111 14.3178374247216
39.5076883333333 42.1658933333333 24566.94375 14.4275961897049
39.5052733333333 42.1689583333333 24567.0152777778 14.4333578853764
39.4803466666667 42.18893 24571.9451388889 14.4495385447356
39.4800433333333 42.18468 24572.0340277778 14.4303569221676
39.4448833333333 42.2370866666667 24576.94375 14.4887842295425
39.4435433333333 42.2365933333333 24577.0180555556 14.4902098234602
39.4110633333333 42.2946166666667 24581.94375 14.4859250384059
39.4148766666667 42.2964333333333 24582.0180555556 14.4838298010148
39.3406216666667 42.3924433333333 24586.95 14.4307590292248
39.33848 42.38466 24587.0222222222 14.457144066506
39.2940966666667 42.44494 24591.9486111111 14.376126615312
30.2726066666667 41.8424433333333 24197.4027777778 14.2425357340481
30.1102216666667 42.0663416666667 24202.4034722222 14.2453684404543
29.7838183333333 41.9420833333333 24207.4034722222 14.2291423403843
30.1303683333333 41.7354216666667 24212.4027777778 14.2429776994049
30.3704316666667 41.96699 24217.4041666667 14.2393283205193
30.1574716666667 41.8088166666667 24222.4034722222 13.8873018820584
38.0700633333333 42.2422416666667 24563.4048611111 14.4665737361312
38.0406116666667 42.3207483333333 24568.4027777778 14.4665804201272
37.9673083333333 42.3642683333333 24573.3604166667 14.5376627505339
37.9118966666667 42.398855 24578.3618055556 14.6641956287195
37.8065366666667 42.4089516666667 24583.3625 14.578294939154
37.7159833333333 42.3521916666667 24588.3604166667 14.5200825086227
32.128385 42.085795 23466.4027777778 14.2263371242972
32.3665933333333 42.15787 23471.40625 14.7437777362636
32.6210183333333 42.2320233333333 23476.4034722222 14.8456743983927
33.255295 42.4029116666667 23486.4034722222 14.7004973592248
32.642985 42.62042 23836.4076388889 14.4780865161673
32.66518 42.59874 23846.4069444444 14.3552901383972
32.63863 42.5842183333333 23856.4034722222 14.3909687646828
34.9879083333333 43.2352166666667 24206.4041666667 14.4243057534587
34.841405 43.2238883333333 24216.40625 14.2272344828162
34.7529066666667 43.216315 24226.4034722222 14.7788136951716
36.5933616666667 43.4640233333333 24567.4034722222 14.9491369149416
36.4918933333333 43.6130416666667 24577.4034722222 14.8801929826615
36.3734483333333 43.7502166666667 24587.4034722222 14.3456165253477
34.2206355964727 42.1820203832489 23468.4388888889 13.6239833999387
34.4812785433598 42.2326206368558 23473.4152777778 13.6270039732225
35.0054378383068 42.3343789755007 23483.4229166667 15.0344116702482
34.9690009169327 42.3235735447648 23493.4159722222 14.1437083644806
34.639825 43.078365 23861.0388888889 14.2679287965893
34.6873316666667 43.0670916666667 23865.9472222222 14.1789812813695
34.68734 43.065425 23866.0201388889 14.2230627037102
34.7542783333333 43.045335 23870.94375 14.3928396402022
34.7562233333333 43.0461683333333 23871.0159722222 14.4185577556295
34.8767466666667 43.0642283333333 23875.94375 14.4767437774
34.8772433333333 43.0686683333333 23876.0159722222 14.3836835439648
34.9884466666667 43.1139316666667 23880.94375 14.4827058507719
34.98617 43.1168933333333 23881.0166666667 14.6951595984389
35.05731 43.180065 23885.9506944444 14.5312794846502
35.0572966666667 43.1814583333333 23886.0201388889 14.567473681576
35.100875 43.2574916666667 23891.9451388889 14.6073069101765
32.5557416666667 42.93693 24228.9486111111 14.4323712057691
32.54937 42.9344516666667 24229.0215277778 14.3788113116242
32.48079 42.86057 24233.9486111111 14.3129990790554
32.479335 42.8604816666667 24234.0159722222 14.3356858247309
32.61415 42.966685 24238.9430555556 14.3948421566823
32.6119583333333 42.9698233333333 24239.0159722222 14.5856986363011
32.294555 42.9345033333333 24243.9472222222 13.9728052032293
32.290295 42.9350533333333 24244.0201388889 13.9897367959568
32.48591 42.8831133333333 24249.94375 14.3734858425701
32.491505 42.8838366666667 24250.01875 14.528173163637
32.23524 42.84701 24254.9451388889 14.331945306236
32.24093 42.8475883333333 24255.0180555556 14.3650890833059
39.300895 42.4372766666667 24592.0236111111 14.3952638468456
39.2729233333333 42.6117633333333 24597.9465277778 14.2699606666835
39.2693066666667 42.6129583333333 24598.0173611111 14.259008174423
39.2600916666667 42.8293316666667 24602.9486111111 14.3736466397426
39.2539083333333 42.8295483333333 24603.0229166667 14.3818765688542
39.1666966666667 42.8767466666667 24607.94375 14.2599820263488
39.16714 42.8815033333333 24608.0208333333 14.1326517667435
39.12241 42.9595 24613.9430555556 14.1904693770449
39.1161716666667 42.9599883333333 24614.0152777778 14.1927660002933
39.091995 43.166785 24618.9423611111 14.0378741694569
28.9704483333333 43.1600533333333 23887.9534722222 14.0114745194876
30.442355 41.9592633333333 24227.4027777778 13.8670756441762
30.344145 41.76108 24232.4020833333 14.245115357063
30.841865 41.794175 24237.4034722222 13.9895430826688
30.86803 42.0269616666667 24242.4027777778 14.1790374341854
30.76162 41.8616616666667 24247.4069444444 14.2337112946728
30.9984833333333 41.8823416666667 24252.4055555556 14.0576460191223
31.3710133333333 42.0580683333333 24257.4055555556 13.6862153424593
37.7125566666667 42.2519766666667 24593.3645833333 14.439762017285
37.76257 42.1844183333333 24598.3625 14.3501154863335
37.8277666666667 42.1319566666667 24603.3625 14.3360399934251
37.8999716666667 42.0891866666667 24608.3618055556 14.3974277872451
38.0258716666667 42.019135 24613.3631944444 14.2726122744883
38.105045 41.968605 24618.3625 14.2816199325957
33.9136633333333 42.5684933333333 23496.4048611111 14.6279529067792
34.465655 42.7216333333333 23506.4111111111 14.4075601136769
34.8004533333333 42.8675633333333 23516.4055555556 14.4833125936947
35.0441116666667 42.988925 23526.4048611111 14.6456317957252
32.6085166666667 42.5463016666667 23866.4048611111 14.4961314413611
32.5867933333333 42.5259633333333 23876.40625 14.4601150963616
32.5907683333333 42.51978 23886.4048611111 14.3206552548928
34.6995066666667 43.2096183333333 24236.4048611111 14.6048029253673
34.6500316666667 43.1348733333333 24246.4048611111 14.8863735674541
34.66981 43.047235 24256.4069444444 14.5562478248279
36.465575 43.8266583333333 24597.4034722222 14.3349127772323
36.8707766666667 43.796965 24607.4034722222 14.68078067636
37.18097 43.94997 24617.4041666667 14.5218725772487
34.9281796923625 42.311886039893 23503.4138888889 14.1942772733019
35.1387389141478 42.2854104451773 23513.4159722222 14.1255765354963
35.3510664443705 42.2588347806891 23523.4152777778 14.0366443873961
35.10525 43.2608083333333 23892.0208333333 14.5084920426198
35.0841183333333 43.3594816666667 23896.9451388889 14.6886397920078
35.0847216666667 43.361665 23897.0145833333 14.4961524319322
35.0108916666667 43.4371683333333 23901.9451388889 14.2411022708776
35.0136566666667 43.4366966666667 23902.0173611111 12.8702821111289
34.8958683333333 43.5043383333333 23906.95 14.287363630971
34.8956616666667 43.505145 23907.0173611111 13.0023352497254
34.7228633333333 43.5647666666667 23911.9479166667 14.0892982654443
34.7193433333333 43.5599116666667 23912.0194444444 13.3228526062112
34.5325716666667 43.6112516666667 23916.9458333333 12.56796091358
34.5381683333333 43.608305 23917.0208333333 12.968327065656
32.369575 42.9324383333333 24259.9458333333 14.3665509475812
32.3731883333333 42.9328983333333 24260.0166666667 14.417691331087
32.3730833333333 42.8250183333333 24264.9465277778 14.3428210824227
32.3755883333333 42.8284166666667 24265.0152777778 14.2868993409713
32.4069816666667 42.8733133333333 24270.0166666667 14.5685128671364
32.4376583333333 42.8948583333333 24274.9458333333 14.0241569445581
32.4394733333333 42.8965816666667 24275.0194444444 14.0457869177619
32.4505433333333 42.8990416666667 24280.9451388889 12.6102849602819
32.4518433333333 42.897985 24281.0166666667 13.4178983900158
32.457875 42.9590616666667 24285.9472222222 11.7712409795121
32.4655566666667 42.9607133333333 24286.0173611111 13.5270164842794
39.0065073264877 43.1885517694629 24624.0180555556 14.1554073696265
38.924705 43.2124633333333 24628.9451388889 14.1842489338743
38.9155833333333 43.219095 24629.03125 14.2419235463682
38.9549566666667 43.337405 24634.94375 14.2148088579863
38.9494333333333 43.3408283333333 24635.0201388889 14.2349151439067
38.8779233333333 43.3511416666667 24640.9444444444 14.2158855609152
38.8787216666667 43.35069 24641.0208333333 14.2108229410445
38.913115 43.3908766666667 24645.9444444444 14.1650246357381
38.9137366666667 43.3969833333333 24646.0152777778 14.1792238611337
38.6186933333333 43.4845616666667 24650.9430555556 14.1632815038643
38.61763 43.4872833333333 24651.0180555556 14.1863720850074
28.8025883333333 43.1018683333333 23892.9486111111 13.3426976638377
28.6669983333333 43.0100366666667 23897.3944444444 13.9706555037023
28.429885 42.67106 23902.4013888889 13.5849598829022
28.5729716666667 42.2021883333333 23907.4180555556 14.2114962831246
28.914995 41.8636933333333 23912.3798611111 13.195293338627
29.3962166666667 41.6350583333333 23917.4048611111 12.7052221779892
31.2620683333333 42.4098216666667 24262.4055555556 13.9765861059078
31.3747783333333 42.18998 24267.4055555556 14.2208897020615
31.5001833333333 42.478695 24272.40625 14.2836236835773
31.3443433333333 42.2907783333333 24277.4055555556 14.2678844622033
31.42429 42.5033533333333 24282.4048611111 13.9420332978577
31.29788 42.3697416666667 24287.4076388889 14.0966958250368
38.1409083333333 41.91023 24623.3638888889 14.3747839414402
38.22714 41.8484316666667 24628.3638888889 14.3169681902956
38.3367916666667 41.8438733333333 24633.3631944444 13.5475972255348
38.444175 41.9239383333333 24638.3631944444 13.8986283531268
38.4996716666667 41.9850833333333 24643.3631944444 13.7316561715932
38.52877 42.0498633333333 24648.3638888889 14.1759407892735
35.1645083333333 43.1357566666667 23536.4097222222 13.2748786327319
35.1230916666667 43.3230516666667 23546.4055555556 13.4257765299333
34.9008533333333 43.530465 23556.4069444444 14.2665929212791
32.5886633333333 42.5036366666667 23896.40625 13.3232456515102
32.62238 42.4801516666667 23906.4034722222 14.0583358303597
32.76501 42.45734 23916.4048611111 12.5258645584382
34.807645 42.93183 24266.4055555556 13.8544790688809
34.9992316666667 42.85094 24276.40625 13.7687294318112
35.2865833333333 42.8174683333333 24286.4069444444 14.2914364960895
37.3431383333333 43.924555 24627.4069444444 13.9742492735107
37.3381933333333 43.6589183333333 24637.3631944444 13.9856117230637
37.2400966666667 43.5327766666667 24647.40625 13.5456425516512
35.4305283333333 42.31492 23533.4173611111 13.7398802495334
35.5666783333333 42.2835466666667 23543.4159722222 12.1949072006331
35.638565 42.2835966666667 23553.41875 13.407426909136
34.313345 43.6330833333333 23922.9465277778 13.8656426966224
34.3116933333333 43.6336683333333 23923.0166666667 13.1139885332686
34.1368333333333 43.634825 23927.9465277778 13.7220272507091
34.136455 43.631105 23928.0152777778 14.2673107245148
33.9462833333333 43.641405 23932.9472222222 13.7475342731315
33.938065 43.6399333333333 23933.0194444444 13.9058391051559
33.6938066666667 43.6710466666667 23938.9472222222 13.8159271155432
33.6983983333333 43.6733183333333 23939.0180555556 14.2964157150303
33.5601433333333 43.7601216666667 23943.9486111111 14.2311542998648
33.562225 43.7656866666667 23944.0243055556 13.6343596702457
33.5146783333333 43.776975 23949.9520833333 13.7472238330575
33.511255 43.774505 23950.0256944444 13.8020165604256
32.5788283333333 42.95025 24290.9465277778 14.2154803125591
32.5814683333333 42.95277 24291.0152777778 14.2500479759414
32.61651 42.9220716666667 24295.9472222222 14.2473036459915
32.6165883333333 42.9232 24296.0180555556 14.2983347139478
32.7248333333333 42.93085 24300.9486111111 13.1044364044801
32.72471 42.93541 24301.0222222222 13.5911783148878
32.70032 42.850745 24306.9493055556 13.6103899218796
32.6990533333333 42.8457416666667 24307.0236111111 13.2071116209377
32.6390166666667 42.9077266666667 24312.9493055556 13.8995344150644
32.6370433333333 42.910325 24313.01875 14.1513121212294
32.6867533333333 42.93693 24317.9479166667 13.6014092457765
32.6852733333333 42.937775 24318.0201388889 13.64907411663
38.62534 43.68161 24655.9506944444 12.0705617851258
38.6254533333333 43.67726 24656.0291666667 13.0430457270968
38.7234133333333 43.7076733333333 24661.9458333333 12.5446299110749
38.721345 43.7091633333333 24662.0208333333 12.5089490141795
38.84168 43.6160816666667 24666.9451388889 14.0215977348707
38.83962 43.61376 24667.0229166667 14.0305825710406
38.6101266666667 43.4957766666667 24672.9423611111 14.1080097696557
38.6098416666667 43.503645 24673.0194444444 14.1482139652099
38.47731 43.6499316666667 24677.9444444444 14.0984176210395
38.4694216666667 43.65445 24678.0229166667 14.0901722948939
38.456695 43.50706 24683.9486111111 13.0215439017816
29.8263666666667 41.5692566666667 23922.4055555556 12.8814530015585
30.4336616666667 41.6247366666667 23927.4048611111 12.9861406111388
30.9615 41.6414266666667 23932.4055555556 14.387050817664
31.4301933333333 41.62221 23937.4048611111 14.1219704980334
31.7549383333333 41.5295816666667 23942.4097222222 12.8859692512423
31.8290683333333 41.5308733333333 23947.4215277778 13.3255838703765
31.9914666666667 41.6640066666667 23952.4048611111 13.1997632168474
31.402925 42.5426083333333 24292.4083333333 14.2528002999256
31.18282 42.4731866666667 24297.4076388889 12.857311825129
31.3578816666667 42.4674933333333 24302.4069444444 13.4651019740705
31.1320683333333 42.56175 24307.4069444444 12.9772153259644
31.2468633333333 42.4036966666667 24312.4055555556 14.1085204674113
31.0771933333333 42.608555 24317.4076388889 14.1437429754932
38.5676033333333 42.0969916666667 24653.3652777778 13.2813788464998
38.6329233333333 42.1390116666667 24658.40625 13.3754556776172
38.7184483333333 42.1782733333333 24663.4069444444 13.5749161605182
38.7778883333333 42.2836483333333 24668.4076388889 13.3582182632699
38.65382 42.4263716666667 24673.4069444444 13.3643737847834
38.6155733333333 42.44072 24678.4090277778 13.4449263065611
38.6122333333333 42.46715 24683.4118055556 13.2188821182139
34.4817616666667 43.5582516666667 23566.40625 12.936641221388
34.186455 43.3863683333333 23576.4090277778 13.2868149374754
34.0970116666667 43.3501216666667 23586.4076388889 14.2328992424066
32.9545166666667 42.4506383333333 23926.4104166667 13.9125218965901
32.831275 42.4384433333333 23936.4076388889 13.5420698578129
32.7610066666667 42.4344316666667 23946.4090277778 13.8132598355347
35.7679566666667 42.8471216666667 24296.4048611111 12.4448542571761
36.1244266666667 42.9019216666667 24306.4069444444 14.3054313201835
36.3548783333333 42.9628783333333 24316.4034722222 14.3681708231148
37.5853933333333 43.5647283333333 24657.40625 14.3319491840247
37.865665 43.7679766666667 24667.4118055556 13.0812558723277
38.20021 43.7473366666667 24677.4069444444 14.2761069010581
35.740215 42.28442 23563.41875 13.5947908903881
35.763395 42.265555 23573.4215277778 12.7824989185982
35.80567 42.2108333333333 23583.4194444444 13.997612488033
33.5313566666667 43.7579316666667 23955.9479166667 13.6095842716503
33.53446 43.757615 23956.0201388889 14.0802561262457
33.545365 43.7500666666667 23961.9520833333 14.03094083343
33.5430516666667 43.746755 23962.0291666667 14.0965007444161
33.4286666666667 43.670115 23967.9513888889 13.804379572915
33.428535 43.66546 23968.0256944444 13.8141149527327
33.2962016666667 43.551335 23973.9534722222 13.9547092530191
33.2970533333333 43.5514033333333 23974.0305555556 13.9961500081071
33.1167133333333 43.51832 23979.9493055556 14.0049196285438
33.1171133333333 43.517135 23980.0243055556 14.001212164477
32.5167516666667 42.9111833333333 24323.9493055556 13.8091583099489
32.5088283333333 42.9174666666667 24324.0291666667 13.9544991007815
32.4238583333333 42.82972 24329.9472222222 14.1172629631253
32.42307 42.8334633333333 24330.0194444444 14.1901403601136
32.29756 42.711555 24335.9493055556 13.5811325860864
32.2972233333333 42.7104916666667 24336.0201388889 13.6851153115109
32.34849 42.603855 24341.9527777778 12.6015363672672
32.356545 42.6009516666667 24342.0291666667 12.8052857703086
32.5706566666667 42.45814 24347.9493055556 14.0847394117376
32.577455 42.45888 24348.0256944444 14.1952151066412
38.4421016666667 43.5045416666667 24684.0222222222 14.0355055254928
38.3321266666667 43.636795 24689.9527777778 13.1760962757099
38.329745 43.6457966666667 24690.0263888889 14.1358964866549
38.27321 43.5043033333333 24695.9493055556 14.0558275346988
38.265895 43.50389 24696.0284722222 13.907710605072
37.87317 43.568205 24701.9451388889 14.2192913605161
37.8729933333333 43.5722466666667 24702.0145833333 14.1398246371468
37.85878 43.7642216666667 24706.9458333333 14.1418019246089
37.8652433333333 43.7755566666667 24707.0215277778 14.1481997422801
37.8221016666667 43.6990333333333 24712.9458333333 13.2711498651329
37.8113016666667 43.695965 24713.0159722222 14.2066006083421
32.370965 41.9904516666667 23957.4055555556 12.8252039370193
32.5898266666667 42.2290616666667 23962.4083333333 13.319963785152
32.821605 42.3477983333333 23967.4076388889 13.640402070864
33.0326166666667 42.3916333333333 23972.4076388889 13.3737725991641
33.2708333333333 42.458775 23977.4090277778 14.1694262204292
33.5482266666667 42.5317533333333 23982.4069444444 13.9781808757338
31.1219583333333 42.4585616666667 24322.4076388889 14.1292478482587
31.03515 42.5957833333333 24327.4083333333 14.1178896318752
31.0204433333333 42.4984716666667 24332.4090277778 14.1224519508311
31.1513 42.5098083333333 24337.4104166667 14.1816619688802
31.1834783333333 42.5220316666667 24342.40625 14.0328089405403
31.301355 42.5605433333333 24347.4090277778 11.6509452100663
38.6434733333333 42.5654166666667 24688.40625 13.4057760756288
38.4452183333333 42.6678916666667 24693.4090277778 14.4306055443864
38.38371 42.4947 24699.4097222222 14.4430580373275
38.5304116666667 42.4857 24704.3673611111 14.496063877059
38.547475 42.565055 24709.3659722222 14.0237188023596
38.4863433333333 42.6047666666667 24714.3659722222 14.2119231783498
33.879535 43.3888283333333 23596.4145833333 14.1775695077795
33.52758 43.4572133333333 23606.4152777778 12.3361240179479
33.1290916666667 43.5458966666667 23616.4104166667 14.0998583610259
32.7152583333333 42.5368766666667 23956.4076388889 12.5231889473654
32.74511 42.5271066666667 23966.4138888889 13.6934002725523
32.7029016666667 42.58059 23976.4104166667 14.0022182177264
36.4148916666667 43.05345 24326.4034722222 14.016054923041
36.2611816666667 43.1767 24336.4083333333 14.4936326804943
36.14903 43.3019183333333 24346.4034722222 14.3885338677959
38.4732183333333 43.6794916666667 24687.4083333333 14.023787504203
38.389475 43.5024583333333 24697.4145833333 13.6137323218607
38.2568583333333 43.2247016666667 24707.3736111111 14.1092602448336
35.9236066666667 42.1808416666667 23593.4208333333 14.0996314881827
36.0148333333333 42.1268916666667 23603.4215277778 13.2516889838411
36.1543316666667 42.073635 23613.4194444444 14.0770240990479
32.94813 43.5402866666667 23985.9534722222 12.0776558882363
32.9442833333333 43.5434366666667 23986.0305555556 11.6278601945381
32.651115 43.562515 23991.9472222222 13.3876660557103
32.6493583333333 43.5619566666667 23992.0194444444 14.050533250194
32.36416 43.5301733333333 23996.9472222222 13.1056501544222
32.3598366666667 43.5341983333333 23997.0208333333 13.3437898170847
32.0240466666667 43.555865 24002.9465277778 13.9236737233942
32.0215566666667 43.5572466666667 24003.0173611111 13.8688612376113
31.9449216666667 43.6059916666667 24007.9451388889 14.0739088819504
31.9440333333333 43.6051816666667 24008.0118055556 14.6394687630283
31.9295216666667 43.6249383333333 24012.9534722222 13.1602556995856
31.9181033333333 43.6248883333333 24013.0305555556 12.9990893152668
32.8141633333333 42.42367 24353.9479166667 14.3475679175474
32.8144516666667 42.42437 24354.01875 14.1902205029508
32.9275316666667 42.4120383333333 24358.9479166667 14.2642150765295
32.9304383333333 42.4090916666667 24359.0194444444 14.0653690855547
33.3531583333333 42.331555 24363.9465277778 11.951411318166
33.3638916666667 42.3354666666667 24364.0173611111 14.2976011857625
33.8757333333333 42.3429483333333 24368.9486111111 12.6897115059146
33.8851083333333 42.3458333333333 24369.0236111111 12.6472893414083
34.4065333333333 42.5218533333333 24374.9465277778 13.5277040717037
34.413135 42.52354 24375.0243055556 13.6573809410506
37.83593 43.58165 24717.9472222222 14.2161937251868
37.8356483333333 43.5792483333333 24718.0270833333 14.2051261468712
37.99443 43.478675 24723.9479166667 14.263418002275
37.9900216666667 43.4803216666667 24724.025 14.2742330324462
38.236175 43.379545 24729.9527777778 14.2871130305997
38.2449033333333 43.3818983333333 24730.03125 14.3430147316005
38.49477 43.4075766666667 24735.9472222222 14.36091706967
38.4991066666667 43.411565 24736.0166666667 14.4204724164086
38.6396366666667 43.43607 24740.9479166667 14.4082490067358
38.64423 43.4439883333333 24741.0222222222 14.3879055280888
33.7775916666667 42.6671233333333 23987.4069444444 13.9822676783867
33.8745416666667 42.8218733333333 23992.4083333333 13.2517511534485
33.9099816666667 42.9826033333333 23997.4076388889 14.0667953257796
33.8154133333333 43.1457766666667 24002.4090277778 13.8763755983454
33.6853783333333 43.2546866666667 24007.4055555556 13.8840553005766
33.5822916666667 43.31442 24012.4069444444 13.8675641566217
31.1963516666667 42.614635 24352.4090277778 13.1164683181045
31.3076466666667 42.6760566666667 24357.4076388889 13.3905444972667
31.1901816666667 42.72174 24362.4069444444 12.8957250112295
31.1796816666667 42.7054683333333 24363.90625 12.7052088080663
31.202 42.762615 24368.4069444444 13.6735779992933
31.19365 42.6472116666667 24373.4041666667 11.9303271181323
31.1063833333333 42.71635 24378.4069444444 11.5962712640541
38.412535 42.6445966666667 24719.3673611111 14.1955164495029
38.3255283333333 42.6498983333333 24724.3680555556 14.2573102753242
38.2524716666667 42.6027466666667 24729.3652777778 14.1193204526453
38.1518933333333 42.6014416666667 24734.3673611111 14.3399116626699
38.0345033333333 42.510655 24739.3659722222 14.3513513568791
38.0077833333333 42.38757 24744.3645833333 14.2544274505267
33.0334483333333 43.5222283333333 23626.4111111111 14.023613847574
33.1148183333333 43.4292916666667 23636.4076388889 13.8280229390284
33.0321116666667 43.4666533333333 23646.4069444444 14.1642591707431
32.7209883333333 42.5508516666667 23986.4138888889 13.9650628413808
32.765445 42.628845 23996.4104166667 11.7634821720519
32.7605466666667 42.7403166666667 24006.4152777778 12.3859921479377
36.13066 43.4045216666667 24356.40625 13.4877065448477
36.2450216666667 43.4426816666667 24366.36875 13.9810840536624
36.28525 43.4455483333333 24367.8659722222 13.7774981137827
36.373045 43.4950233333333 24377.3673611111 14.220259995487
38.4755116666667 43.2693183333333 24717.3701388889 14.2398821877409
38.4914166666667 43.5898766666667 24727.3659722222 12.8754317146593
38.11593 43.7340983333333 24737.3715277778 13.6984849948705
36.2710883333333 42.0081383333333 23623.4222222222 13.4226458738332
36.3429833333333 41.9756116666667 23633.4180555556 13.7875192721278
36.3967635600783 41.9257511801069 23643.3798611111 13.1295683129335
31.7813883333333 43.6831683333333 24018.9479166667 12.3691369405351
31.7818516666667 43.6864616666667 24019.0215277778 13.232026630009
31.66279 43.7692033333333 24024.95 12.5299176723827
31.6661366666667 43.7677 24025.0284722222 13.8414838768532
31.610515 43.7885883333333 24030.9493055556 13.9846384719378
31.60313 43.78609 24031.025 14.0258389405785
31.4472233333333 43.7557983333333 24036.9472222222 13.0170929550944
31.4414466666667 43.7540583333333 24037.0173611111 13.8281146900027
31.19299 43.7265766666667 24041.94375 13.0213938053319
31.1915733333333 43.7264183333333 24042.0152777778 13.0120631295782
34.8597733333333 42.61116 24380.9465277778 13.5920037877929
34.8626433333333 42.612905 24381.0243055556 13.6033715779095
35.17586 42.5692683333333 24386.9472222222 12.7904640075812
35.1814533333333 42.5735366666667 24387.0236111111 13.1538107861372
35.235355 42.5922633333333 24392.9451388889 13.4249067300475
35.2385966666667 42.5917466666667 24393.0152777778 12.7641177166985
35.2065316666667 42.7494616666667 24397.94375 12.4896360858205
35.202415 42.752905 24398.0215277778 12.4902548071634
35.3986616666667 42.5884166666667 24402.9472222222 12.8999389086649
35.4025916666667 42.5873466666667 24403.03125 12.9889141499655
35.5037633333333 42.8054316666667 24408.9444444444 14.1060144611125
35.5048216666667 42.806695 24409.01875 13.2571862464897
38.6570933333333 43.5237566666667 24746.94375 14.2944953678766
38.652825 43.5253166666667 24747.0236111111 14.3499706056779
38.5515816666667 43.64522 24752.9458333333 14.4180551528332
38.552365 43.643925 24753.0201388889 14.416531673037
38.4623966666667 43.711295 24757.9458333333 14.3527200976982
38.45819 43.7164816666667 24758.0145833333 13.7313776863633
38.3159066666667 43.7411516666667 24762.9472222222 13.917414860521
38.3134133333333 43.74082 24763.0243055556 14.6044031768143
38.217615 43.8289666666667 24768.9520833333 13.2878749596589
38.2149533333333 43.83383 24769.03125 13.8082953538956
38.1792466666667 43.8779 24774.9451388889 13.3523496737957
33.48972 43.34139 24017.40625 13.7268433017941
33.385965 43.3684066666667 24022.4076388889 13.8094866119751
33.2134083333333 43.3707983333333 24027.4055555556 12.296373754873
33.0483466666667 43.3254383333333 24032.4041666667 12.8866117857701
32.9436483333333 43.2898416666667 24037.4055555556 12.7791772673689
32.830555 43.2934016666667 24042.4034722222 13.696483921917
31.423385 42.5439133333333 24383.4069444444 12.1440877493794
31.2629316666667 42.6308466666667 24388.40625 12.3716547504434
31.6368833333333 42.4615966666667 24393.40625 13.9969457466601
32.002085 42.3658816666667 24398.4076388889 12.6866553400495
32.0289166666667 42.5899733333333 24403.40625 13.5215030943679
32.25427 42.4836583333333 24408.40625 12.7601340197994
33.01431 43.3502016666667 23656.4076388889 14.1183509616174
33.0523483333333 43.2392766666667 23666.4034722222 13.615041695509
32.97983 43.1157216666667 23676.4111111111 13.2369411265475
32.563165 42.7127483333333 24016.4083333333 12.6363623596966
32.3802833333333 42.6212216666667 24026.4131944444 12.1421683075499
32.201615 42.4474266666667 24036.4034722222 12.8608726352566
36.2151966666667 43.5223033333333 24387.3652777778 14.1434673106644
36.10951 43.613555 24397.3652777778 17.1787012163461
36.12071 43.6935133333333 24407.3638888889 13.5140176353491
37.8542866666667 43.71329 24747.3631944444 14.5358392562332
37.6614833333333 43.7921066666667 24757.36875 14.5942859055048
37.5301566666667 44.0091433333333 24767.3631944444 14.5967350721983
36.4446694454802 41.8747699107863 23653.3763888889 12.4000049673689
36.5338033333333 41.8872766666667 23663.3784722222 12.6528462902226
31.3525716666667 43.945835 23707.4138888889 13.7033229495382
31.0217183333333 43.7003533333333 24046.9444444444 13.2533806210323
31.0190183333333 43.6975783333333 24047.0166666667 13.3493336931863
30.79607 43.6222266666667 24051.9479166667 13.3305703778423
30.79286 43.6192933333333 24052.01875 13.3384008500739
30.5818583333333 43.5712616666667 24056.94375 13.2566256180869
30.583265 43.5741316666667 24057.0125 13.2386066583924
30.3495566666667 43.517895 24061.9472222222 13.3919219800526
30.3470383333333 43.5166916666667 24062.0208333333 13.3941746068463
29.867295 43.4976633333333 24066.9347222222 13.1925128911128
29.8611866666667 43.5035666666667 24067.0125 13.1898566637573
29.487275 43.435565 24071.94375 13.1962328326139
29.4819366666667 43.43406 24072.0159722222 13.1962328326139
35.5581583333333 42.5997016666667 24413.9458333333 14.1440363900425
35.564855 42.602035 24414.01875 13.7384026867908
35.8003133333333 42.76109 24418.9444444444 13.5839024259468
35.8029283333333 42.7630733333333 24419.0229166667 14.048269443692
35.7005016666667 42.61354 24424.9465277778 13.4928855026216
35.706085 42.6069666666667 24425.0236111111 13.7567084263376
35.8508666666667 42.775995 24430.9451388889 13.9810363690654
35.8482683333333 42.77705 24431.0194444444 13.7079861310721
35.7563866666667 42.5644866666667 24435.9444444444 13.4494094016395
35.76175 42.5597883333333 24436.0138888889 13.58874505145
36.0269416666667 42.5955983333333 24440.9430555556 13.7185305459357
32.7241733333333 43.2738316666667 24047.4083333333 13.073659842445
32.6313833333333 43.2610383333333 24052.4048611111 13.1217847351969
32.5255516666667 43.254635 24057.4048611111 13.2450132424057
32.4257133333333 43.2313616666667 24062.4041666667 13.5386264060498
32.3594316666667 43.2008883333333 24067.4166666667 13.6526248996291
32.2595683333333 43.2241733333333 24072.4131944444 13.5933165478447
32.3679983333333 42.6335016666667 24413.40625 13.3082621292701
32.7958716666667 42.5107816666667 24418.40625 12.6620150386021
33.1992983333333 42.47105 24423.4048611111 12.7817241159146
33.7463183333333 42.451295 24428.4055555556 12.9809675675328
34.2191883333333 42.3697266666667 24433.40625 13.0026886001214
34.6183 42.2954833333333 24438.4048611111 13.0344764227209
32.8914616666667 43.0217716666667 23686.4055555556 13.7018681804815
32.8435416666667 42.9488466666667 23696.4041666667 13.5016711757595
32.6325416666667 42.804965 23706.4069444444 13.7798897895577
32.2075966666667 42.4078333333333 24046.40625 13.1750485490376
32.4337916666667 42.3527216666667 24056.4034722222 13.2614550989723
32.9753883333333 42.346515 24066.40625 13.2993522703163
36.264755 43.71449 24417.3625 14.0016418409158
36.4354166666667 43.6331783333333 24427.3631944444 13.6769637672243
36.6469283333333 43.5348433333333 24437.3631944444 14.0010173243782
31.29768 43.4969666666667 23710.9479166667 13.5761590588352
31.286975 43.4899366666667 23711.0361111111 13.5718524006003
30.8898783333333 43.277885 23715.9423611111 13.9519088030869
30.8744966666667 43.2754983333333 23716.0215277778 13.9494463623905
30.4207783333333 43.237155 23720.94375 13.7605389164042
30.4123483333333 43.2395266666667 23721.0145833333 13.7577235702621
30.2030416666667 43.2755583333333 23725.9444444444 13.6318315379383
30.1949866666667 43.2760816666667 23726.0361111111 13.6291985323263
29.8926766666667 43.126335 23730.9423611111 13.8146011073952
29.8812366666667 43.1248866666667 23731.0180555556 13.8222554828848
29.5026516666667 43.1006083333333 23735.9451388889 13.7557702373834
29.4908733333333 43.0985366666667 23736.0395833333 13.7530010857859
29.0816883333333 43.0603866666667 23740.94375 13.9926103582293
29.2445383333333 43.3403316666667 24076.9534722222 13.3638609940582
29.2433533333333 43.3395883333333 24077.0277777778 13.3663631212868
29.2656366666667 43.390905 24082.9472222222 15.5730709749605
29.259765 43.3908016666667 24083.0173611111 13.6169950053363
29.0244616666667 43.1998733333333 24087.9451388889 13.7321630950232
29.0222566666667 43.199905 24088.0201388889 13.7326787354427
28.788905 43.033045 24092.94375 13.797708989086
28.7848166666667 43.0352183333333 24093.0125 13.794096239502
28.8961083333333 42.9836366666667 24097.9472222222 13.7516394413478
28.8991316666667 42.9837083333333 24098.0208333333 13.7510796190819
28.8379116666667 42.652745 24102.9444444444 13.8400799414856
28.8354833333333 42.6461683333333 24103.0180555556 13.8409884936823
36.0237866666667 42.5939 24441.0180555556 13.7060500101358
35.8569683333333 42.6070683333333 24445.9423611111 14.0134359558951
35.860545 42.60542 24446.0159722222 14.0161272160132
36.1502716666667 42.3789983333333 24450.9423611111 13.9674750797985
36.1554866666667 42.37841 24451.0229166667 13.9518560759919
36.2937 42.525865 24455.94375 14.2003277441337
36.2936333333333 42.5321233333333 24456.0208333333 14.2035897422101
36.22282 42.3785666666667 24460.9423611111 14.3548446803005
36.22054 42.37526 24461.0180555556 14.3360218340922
36.5805066666667 42.14725 24465.9423611111 13.8387609625125
36.5934033333333 42.14219 24466.0138888889 13.839546957519
37.0054566666667 41.9895733333333 24470.9444444444 13.9803631189105
37.0098566666667 41.99024 24471.0326388889 14.0687172159305
32.11158 43.2661433333333 24077.4138888889 13.7906490514177
31.95664 43.2809666666667 24082.4027777778 13.8564837948458
31.82955 43.2970283333333 24087.4034722222 13.8770215209412
31.7108866666667 43.3365616666667 24092.4048611111 13.905061784526
31.589955 43.4326083333333 24097.4034722222 13.887507904866
31.3815416666667 43.4748966666667 24102.4013888889 13.9359132743233
34.644475 42.2567633333333 24443.39375 13.4415478063089
34.6621516666667 42.25742 24448.4194444444 13.5356568840987
34.2108216666667 42.309425 24453.4138888889 13.6972288896095
34.0592216666667 42.2855966666667 24458.41875 13.6426489628117
34.3345783333333 42.41057 24463.4069444444 13.7140400298198
34.6870333333333 42.5019683333333 24468.4041666667 13.7853765964403
29.245835 43.2444633333333 23360.5319444444 13.9765107319419
29.209205 43.22629 23360.5430555556 13.9788399544404
29.2003583333333 43.2225933333333 23360.6319444444 13.974855588175
29.1126416666667 43.1616883333333 23361.4847222222 14.0251768648227
29.03564 43.0881166666667 23362.4875 14.0249607245423
28.958055 43.03171 23363.4923611111 14.0047010218498
28.898735 42.9952 23364.4034722222 14.0025329009877
28.8565333333333 42.965855 23365.4027777778 14.0384479243033
28.805565 42.92919 23366.4083333333 14.0516021774022
28.7734883333333 42.8779633333333 23367.4055555556 14.0221932993627
28.743115 42.8301316666667 23368.4034722222 13.8655073775686
28.7223166666667 42.7864833333333 23369.4020833333 13.9435789295899
28.6980133333333 42.7331366666667 23370.4027777778 13.9424528564793
28.6592933333333 42.6854633333333 23371.4006944444 13.8667313250737
28.6466133333333 42.6211166666667 23372.4020833333 13.9932135203089
28.6336733333333 42.5484266666667 23373.4020833333 13.9888945857529
28.6253616666667 42.47815 23374.4034722222 13.9166753939411
28.6345666666667 42.39661 23375.3958333333 13.9126933232064
32.4989316666667 42.7077483333333 23716.4048611111 13.8016401267218
32.386765 42.6446083333333 23726.4048611111 14.0921510977294
32.3100933333333 42.5867533333333 23736.4034722222 14.1703027165144
33.5654116666667 42.4492416666667 24076.4041666667 13.4804164126921
34.2466033333333 42.5850083333333 24086.4048611111 13.4808356213476
34.56484 42.7213333333333 24096.4048611111 13.9256699354819
36.693015 43.54735 24447.3618055556 14.4041607740368
36.7053016666667 43.5672883333333 24457.3645833333 14.4669033103635
36.6745266666667 43.5744733333333 24467.4034722222 14.4795135979174
29 42.24 23359.4784722222 13.9375934230314
29.0038944071795 42.2299262417025 23359.5083333333 13.9342281064798
29.0100783834176 42.213929999125 23359.7090277778 13.9394083119073
29.0343221380119 42.1512180861823 23360.4958333333 13.9460597774907
29.044892671789 42.1238750279356 23360.8388888889 13.9468068383479
29.065199223519 42.0713475739349 23361.4979166667 13.9414427748607
29.0959479219761 41.9918091636095 23362.4958333333 13.9724025775628
29.124300062168 41.9184699891621 23363.4159722222 14.0174828226592
29.1549631692586 41.8391529801179 23364.4111111111 13.946422242553
29.1858616526073 41.7592271175503 23365.4138888889 13.9860332094606
29.2166317489061 41.6796333569046 23366.4125 13.8834129600489
29.24746603873 41.5998735452977 23367.4131944444 13.9683605052247
29.2783217263954 41.5200583833706 23368.4145833333 13.8930170227966
29.3143021467931 41.5065982449742 23369.4131944444 13.877879934376
29.3510507072631 41.4966759282608 23370.425 13.8773009394345
29.3869417172487 41.4869851549709 23371.4131944444 13.8973027134399
29.4233371686957 41.4771581796672 23372.4152777778 13.8912606615219
29.4596569539235 41.4673516346655 23373.4152777778 13.8877833845477
29.4959262950052 41.4575587098653 23374.4138888889 13.9157469806678
29.5327757437676 41.447609152749 23375.4284722222 13.9377693582788
